# Created by Octave 4.4.1, Thu Nov 21 06:41:13 2019 GMT <unknown@LAPTOP-MVQ02M76>
# name: J
# type: scalar
0.52900362693507841


# name: X
# type: matrix
# rows: 118
# columns: 28
 1 0.051267 0.69955999999999996 0.0026283052890000002 0.035864342519999995 0.48938419359999996 0.00013474532725116302 0.00183865724797284 0.025089259453291199 0.34235360647481594 6.9079886921853747e-06 9.4262441131823588e-05 0.00128625106439188 0.017551442343144388 0.23949688894552223 3.5415185628226763e-07 4.8325525695052004e-06 6.5942233318178512e-05 0.00089980979460598345 0.012278287005570088 0.16754244363072954 1.8156303216023016e-08 2.4775047258082314e-07 3.3806604755230581e-06 4.6130548740064957e-05 0.00062947093991456179 0.0085893984576166111 0.11720599186631314
 1 -0.092742000000000005 0.68493999999999999 0.0086010785640000011 -0.063522705479999997 0.46914280359999999 -0.00079768122818248816 0.0058912227516261604 -0.0435092418914712 0.32133467189778397 7.3978552464100321e-05 -0.00054636378043131345 0.0040351341114988224 -0.029801220141144284 0.22009497016966817 -6.8609189126255921e-06 5.0670869724760873e-05 -0.00037422640776862384 0.0027638247583300032 -0.020412047723475366 0.15075184886801252 6.3629534179472272e-07 -4.699317800013773e-06 3.470650550927771e-05 -0.00025632263573704121 0.0018930541299705525 -0.013981027967717217 0.1032559713636565
 1 -0.21371000000000001 0.69225000000000003 0.045671964100000004 -0.14794074750000002 0.47921006250000003 -0.0097605554478110007 0.031616417148225003 -0.10241198245687501 0.33173316576562506 0.0020859283047516891 -0.0067567445087471653 0.02188646477085876 -0.070894694855771739 0.22964228400125394 -0.00044578373800848348 0.0014439838689643569 -0.0046773563861802255 0.015150905237626978 -0.049076852513907983 0.15896987109986804 9.526844264979301e-05 -0.00030859379263637268 0.00099959783329057594 -0.0032378999583332615 0.010488214150747275 -0.033973451152752798 0.11004689326888366
 1 -0.375 0.50219000000000003 0.140625 -0.18832125 0.25219479610000001 -0.052734375 0.070620468749999998 -0.09457304853750001 0.12664970465345901 0.019775390625 -0.026482675781250003 0.0354648932015625 -0.047493639245047126 0.063602215179920582 -0.007415771484375 0.0099310034179687506 -0.013299334950585938 0.017810114716892672 -0.023850830692470217 0.031940396441204319 0.002780914306640625 -0.0037241262817382815 0.0049872506064697264 -0.0066787930188347529 0.0089440615096763321 -0.01197764866545162 0.016040147688808397
 1 -0.51324999999999998 0.46564 0.26342556249999999 -0.23898972999999998 0.21682060959999999 -0.13520316995312498 0.1226614789225 -0.11128317787719999 0.10096034865414399 0.069393026978441394 -0.062956004056973117 0.057116091045472897 -0.051817898946739403 0.047011176747315607 -0.035615971096685045 0.032312169082241451 -0.029314833729088961 0.026595536634414 -0.024128486465559734 0.021890284340620039 0.0182798971653736 -0.016584220781460424 0.015045838411454909 -0.013650159177612984 0.012383945678448534 -0.011235188437823234 0.010192992000366314
 1 -0.52476999999999996 0.20979999999999999 0.27538355289999994 -0.11009674599999998 0.044016039999999992 -0.14451302705533295 0.05777546939841998 -0.023098297310799994 0.0092345651919999976 0.075836101207827064 -0.030318833076208852 0.012121293479788511 -0.0048460227758058382 0.0019374117772815993 -0.039796510830831404 0.015910414033402116 -0.0063608911793886164 0.0025430473720596293 -0.0010166955783640647 0.00040646899087367949 0.020884014988695392 -0.0083493079723084285 0.0033380048642077638 -0.0013345149694357315 0.00053353133865811019 -0.00021330273234078078 8.527719428529795e-05
 1 -0.39804 0.034356999999999999 0.15843584160000002 -0.013675460279999999 0.0011804034489999999 -0.06306380239046401 0.0054433802098512001 -0.00046984778883996 4.0555121297292998e-05 0.025101915903500294 -0.0021666830587291721 0.0001870182138698577 -1.6142560481174505e-05 1.3933523024110954e-06 -0.0099915666062292581 0.00086242652469655954 -7.4440729848758157e-05 6.4253847739267007e-06 -5.5460995045171245e-07 4.7871405053938005e-08 0.0039770431719434937 -0.00034328025389021859 2.9630388108999697e-05 -2.5575601554137839e-06 2.2075694467779963e-07 -1.9054734067669484e-08 1.644717863438148e-09
 1 -0.30587999999999999 -0.19225 0.093562574399999987 0.058805429999999999 0.036960062500000002 -0.028618920257471994 -0.017987404928399998 -0.0113053439175 -0.0071055720156250005 0.0087539553283555328 0.0055019874194989909 0.0034580785974848995 0.0021734523681393751 0.0013660462200039065 -0.0026776598558373903 -0.0016829479118763513 -0.0010577570813986811 -0.00066481561036647202 -0.00041784621777479487 -0.00026262238579575104 0.00081904259670354082 0.00051478010728473833 0.00032354673605822855 0.00020335379889889645 0.00012781080109295424 8.033093536720433e-05 5.0489153669233138e-05
 1 0.016705000000000001 -0.40423999999999999 0.00027905702500000004 -0.0067528292000000002 0.16340997759999998 4.6616476026250011e-06 -0.00011280601178600001 0.0027297636758079999 -0.066056849345023982 7.7872823201850643e-08 -1.8844244268851304e-06 4.5600702204372642e-05 -0.0011034796683086258 0.026702820779232493 1.3008655115869151e-09 -3.1479310051116102e-08 7.6175973032404504e-07 -1.8433627859095594e-05 0.00044607062111707885 -0.010794348271796943 2.1730958371059419e-11 -5.2586187440389452e-10 1.2725196295063172e-08 -3.079337533861919e-07 7.4516097257608028e-06 -0.00018031958788036794 0.0043635073453911957
 1 0.13191 -0.51388999999999996 0.017400248100000001 -0.067787229899999996 0.26408293209999995 0.0022952667268710003 -0.0089418134961089992 0.03483517957331099 -0.13570957797686897 0.00030276863394155368 -0.0011795146182717383 0.0045951085375154537 -0.017901450430928785 0.069739795026533186 3.9938210503230348e-05 -0.00015558977329622502 0.00060614076718366351 -0.0023613803263438163 0.009199376361949993 -0.035838583266185137 5.2682493474811158e-06 -2.0523846995505044e-05 7.9956028599197058e-05 -0.00031148967884801282 0.0012134897359048235 -0.0047274675186424813 0.018417089554659878
 1 0.38536999999999999 -0.56506000000000001 0.1485100369 -0.21775717219999999 0.31929280360000001 0.057231312920153002 -0.083917081450713998 0.12304586772333199 -0.18041959160221602 0.022055231060039364 -0.032339125678661658 0.047418186044540456 -0.06952829801574599 0.10194789443074818 0.0084994243936073691 -0.012462528862785843 0.018273546355984556 -0.026794120206328032 0.039287660076777427 -0.05760667722703857 0.0032754231785644722 -0.0048026847478517803 0.0070420765592057689 -0.010325650103912634 0.015140285563787718 -0.022199885202983854 0.032551229033910417
 1 0.52937999999999996 -0.5212 0.28024318439999996 -0.27591285599999998 0.27164944000000002 0.14835513695767197 -0.14606274770927999 0.1438057805472 -0.14158368812800001 0.078536242402652376 -0.077322697382338629 0.076127904106076727 -0.074951572821200643 0.073793418252313614 0.041575516003116111 -0.040933089540262417 0.040300589875674898 -0.039677863620087191 0.039064759754409775 -0.038461129593105853 0.022009246661729605 -0.021669158940824117 0.021334326268384773 -0.021004667443201758 0.020680102518789448 -0.020360552783998374 0.020045940743926773
 1 0.63882000000000005 -0.24342 0.40809099240000007 -0.15550156440000001 0.059253296399999995 0.26069668776496807 -0.099337509370008015 0.037852190806248 -0.014423437409688 0.16653825807801692 -0.063458787735748534 0.02418073653084735 -0.0092139802860568883 0.0035109531342662524 0.10638797002539878 -0.040538742781350875 0.015447138110635906 -0.0058860748863388624 0.0022428670812319677 -0.0008546362119430912 0.067962763011625252 -0.025896959663582571 0.0098679407678364302 -0.0037601423588909922 0.0014327883488326058 -0.00054595870491348558 0.00020803554671118725
 1 0.73675000000000002 -0.18493999999999999 0.54280056249999997 -0.136254545 0.034202803599999998 0.39990831442187497 -0.10038553602874999 0.0251989155523 -0.006325466497783999 0.2946324506503164 -0.073959043669181559 0.018565301033157022 -0.0046602874422423616 0.0011698317741001727 0.21707045801662062 -0.054489325423269515 0.013677985536178437 -0.0034334667730720595 0.00086187355956830226 -0.00021634868830208592 0.15992665994374522 -0.040145010505593819 0.010077255843779463 -0.0025296066450608396 0.00063498534501194666 -0.0001593948961065618 4.001152641458777e-05
 1 0.54666000000000003 0.48757 0.29883715560000002 0.26653501620000003 0.23772450489999999 0.16336231948029603 0.14570403195589202 0.12995447784863401 0.115907336854093 0.089303645567098619 0.079650566109007934 0.071040914860734258 0.063361904764658486 0.056512940229950119 0.048818730885710135 0.043541778469150277 0.038835226517769002 0.034637418858648204 0.030893363906104535 0.027554014267916781 0.026687247425982302 0.023802548617945691 0.0212296649282036 0.018934891393268632 0.016888166312911103 0.015062677439699388 0.013434510736608184
 1 0.32200000000000001 0.58260000000000001 0.10368400000000001 0.18759720000000002 0.33942275999999999 0.033386248000000007 0.060406298400000009 0.10929412871999999 0.197747699976 0.010750371856000003 0.019450828084800004 0.035192709447840004 0.063674759392272004 0.1152078100060176 0.003461619737632001 0.0062631666433056021 0.011332052442204482 0.020503272524311587 0.037096914821937665 0.067120070109505853 0.0011146415555175046 0.002016739659144404 0.0036489208863898434 0.0066020537528283319 0.01194520657266393 0.021612662575260885 0.039104152845798108
 1 0.16647000000000001 0.53874 0.027712260900000001 0.0896840478 0.29024078759999999 0.0046132600720230005 0.014929703437266 0.048316383911772003 0.156364321911624 0.0007679694041896689 0.0024853477312016714 0.0080432284297926853 0.026029968668628049 0.084239714786668307 0.0001278438667154542 0.0004137358368131422 0.0013389562367075883 0.0043332088842665114 0.014023385320536673 0.045383303944169687 2.1282168492121657e-05 6.8874604754283792e-05 0.00022289604472471223 0.00072134928296384618 0.0023344729543097399 0.0075549586075859283 0.024449801166881974
 1 -0.046658999999999999 0.81652000000000002 0.0021770622809999998 -0.038098006679999998 0.66670491040000002 -0.00010157954896917899 0.0017776148936821199 -0.031107784414353599 0.54437789343980802 4.739600175352922e-06 -8.2941733324314038e-05 0.0014514581129893246 -0.025400128130008002 0.44449543755147203 -2.2114500458179199e-07 3.8699783351791679e-06 -6.7723584093968899e-05 0.0011851445784180432 -0.020739712620714133 0.36293941466952795 1.0318404768781832e-08 -1.8056931914112479e-07 3.1599147102404941e-06 -5.5297660884407485e-05 0.00096769425116990059 -0.016934390149065504 0.29634729086596295
 1 -0.17338999999999999 0.69955999999999996 0.030064092099999995 -0.12129670839999998 0.48938419359999996 -0.0052128129292189984 0.021031636269475996 -0.084854325328303989 0.34235360647481594 0.0009038496337972821 -0.0036466754127644422 0.014712891468674627 -0.059360691826668331 0.23949688894552223 -0.00015671848800411073 0.00063229704981922663 -0.0025510682517534931 0.010292550355826021 -0.041526365574264097 0.16754244363072954 2.7173418635032756e-05 -0.0001096339854681557 0.00044232972417153815 -0.0017846253061966735 0.0072002565269216508 -0.029050184301132192 0.11720599186631314
 1 -0.47869 0.63376999999999994 0.22914411610000002 -0.30337936129999998 0.40166441289999993 -0.10968899693590901 0.14522466646069701 -0.19227273781110096 0.25456285496363296 0.052507025943250289 -0.069517595588071052 0.092039036862795923 -0.12185669304254146 0.16133430059030163 -0.02513458824877448 0.033277377832053735 -0.044058166555851784 0.058331580392534173 -0.077229116349571483 0.10224883968511546 0.012031676048805857 -0.015929547994425801 0.021090203748620692 -0.027922744218102185 0.036968805705376376 -0.048945497068867916 0.064802247127235618
 1 -0.60541 0.59721999999999997 0.36652126810000002 -0.36156296020000001 0.35667172839999994 -0.22189564092042102 0.21889383173468199 -0.21593263109064398 0.21301148963504796 0.13433783996963208 -0.13252051467049383 0.13072777418858678 -0.12895928593995437 0.12721472183984334 -0.081329471696014954 0.08022924478666367 -0.079143901771512315 0.078073241300907786 -0.077017064749059561 0.075975176177191239 0.049237675459484417 -0.048571587086294048 0.047914509571491272 -0.047266321015982583 0.046626901169728147 -0.045996131409433351 0.045373894716542143
 1 -0.62846000000000002 0.33406000000000002 0.39496197160000002 -0.20994334760000002 0.11159608360000002 -0.24821780067173602 0.13194099623269601 -0.070133674699256021 0.037279787687416008 0.15599495901015922 -0.082919638492400138 0.044076209201494437 -0.023428855370033464 0.012453685874858194 -0.098036591939524673 0.052111676006933796 -0.027700134434771193 0.014724098445851232 -0.00782664342491338 0.0041602783033551282 0.061612076570313673 -0.032750103903317618 0.017408426486876304 -0.0092535069092796653 0.0049187323268210636 -0.002614568502526564 0.0013897825700188143
 1 -0.59389000000000003 0.005117 0.35270533210000005 -0.0030389351300000003 2.6183689000000001e-05 -0.20946816968086904 0.0018047931843557003 -1.5550231060210003e-05 1.3398193661300001e-07 0.12440105129177133 -0.0010718486242570068 9.2351267243481194e-06 -7.9570532335094586e-08 6.8558556964872102e-10 -0.073880540351670076 0.00063656017945999384 -5.4846494103231044e-06 4.7256143448489327e-08 -4.0716241395867895e-10 3.5081413598925054e-12 0.043876914109453345 -0.00037804672497949581 3.257278438296789e-06 -2.8064951032623326e-08 2.4180968602591986e-10 -2.08345007222656e-12 1.7951159338569951e-14
 1 -0.42108000000000001 -0.27266000000000001 0.1773083664 0.11481167280000001 0.074343475600000014 -0.074661006923711998 -0.048344899182624003 -0.031304550705648006 -0.020270492057096006 0.031438256795436652 0.020357070147819314 0.013181720211134262 0.0085354987954019863 0.0055269523642877978 -0.013238021171422466 -0.0085719550978437583 -0.0055505587465044153 -0.0035941278327678685 -0.0023272891015543059 -0.0015069788316467111 0.0055742659548625719 0.0036094788526000498 0.0023372292769780795 0.0015134153478218941 0.00097997489488248712 0.00063455864642979708 0.00041089284823679227
 1 -0.11577999999999999 -0.39693000000000001 0.013405008399999998 0.045956555400000001 0.15755342490000002 -0.0015520318725519998 -0.0053208499842119991 -0.018241535534922002 -0.062537680945557006 0.00017969425020407051 0.00061604801117206523 0.0021120049842332689 0.0072406126998765894 0.024823081697719945 -2.0805000288627281e-05 -7.1326038733501704e-05 -0.00024452793707452792 -0.00083831813839171151 -0.002874016398962015 -0.0098530258182759779 2.4088029334172663e-06 8.2581287645648265e-06 2.8311444554488836e-05 9.7060474062992362e-05 0.00033275361867182208 0.0011407833292399927 0.003910961538048284
 1 0.20104 -0.60160999999999998 0.040417081600000002 -0.1209476744 0.36193459209999995 0.0081254500848640006 -0.024315320461376001 0.07276333039578399 -0.21774346995328098 0.0016335404850610588 -0.0048883520255550315 0.014628339942768414 -0.043775147199407609 0.13099664895859334 0.00032840697911667527 -0.00098275429121758343 0.0029408814620941622 -0.0088005555929689065 0.026335566306635604 -0.078808893979979339 6.6022939081616396e-05 -0.000197572922706383 0.00059123480913941037 -0.0017692636964104689 0.0052945022502860224 -0.015843740045735046 0.04741221870729536
 1 0.46600999999999998 -0.53581999999999996 0.21716532009999998 -0.24969747819999996 0.28710307239999994 0.10120121081980099 -0.11636152181598197 0.13379290276912398 -0.15383556825336794 0.04716077625413545 -0.054225632781465763 0.062348830619439452 -0.071688913161751994 0.082428174181519612 0.02197739334218966 -0.025269687132490854 0.029055178556964982 -0.033407750422508042 0.03841235345032995 -0.044166664289941836 0.010241685071393803 -0.011775926900612063 0.013540003759331247 -0.015568345774392974 0.01790054083138826 -0.020582107225755795 0.023665382059836631
 1 0.67339000000000004 -0.53581999999999996 0.45345409210000004 -0.36081582979999999 0.28710307239999994 0.30535145107921907 -0.242969771629022 0.19333233792343596 -0.15383556825336794 0.20562061364223533 -0.16361341451726716 0.13018806303426256 -0.10359133330613544 0.082428174181519612 0.13846286502054486 -0.11017563720178253 0.087667339766642066 -0.069757367935018549 0.055506308212093493 -0.044166664289941836 0.093239508676184704 -0.074191172335308336 0.059034309925459105 -0.046973913993762148 0.037377392886941641 -0.029741390066203934 0.023665382059836631
 1 -0.13882 0.54605000000000004 0.019270992399999999 -0.075802661000000007 0.29817060250000005 -0.0026751991649679998 0.01052292540002 -0.04139204303905001 0.16281605749512504 0.00037137114808085775 -0.0014607925040307764 0.0057460434146809217 -0.022602125101473258 0.08890570819521304 -5.155374277658467e-05 0.0002027872154095524 -0.00079766574682600558 0.0031376270065865174 -0.012341890411659473 0.048546961959996082 7.1566905722454842e-06 -2.8150921243154061e-05 0.00011073195897438609 -0.00043556538105434038 0.0017133012269465681 -0.0067392892592866563 0.026509068578255864
 1 -0.29435 0.77997000000000005 0.086641922499999996 -0.22958416950000002 0.60835320090000011 -0.025503049887874999 0.067578100292325 -0.17906876468491503 0.4744972461059731 0.0075068227344960055 -0.019891613821045866 0.052708890885004737 -0.13966826439129318 0.37009361704527588 -0.0022096332718988991 0.0058550965282248499 -0.015514862032001144 0.041111353623577145 -0.10893705617727696 0.28866191848680384 0.00065040555358344097 -0.0017234476630829845 0.0045667996391195367 -0.012101126939099933 0.032065622485781473 -0.084967635706590716 0.22514763656215242
 1 -0.26555000000000001 0.96272000000000002 0.070516802500000003 -0.255650296 0.92682979840000002 -0.018725736903875002 0.067887936102800001 -0.24611965296512001 0.89227758351564801 0.0049726194348240068 -0.018027641432098541 0.06535707384488762 -0.23694431230258034 0.85901347520218463 -0.0013204790909175151 0.0047872401822937677 -0.01735557095950991 0.062920562131950214 -0.22811102833994013 0.82698945284664716 0.00035065322259314615 -0.0012712516304081102 0.0046087718682978566 -0.016708555274139378 0.060574883575671104 -0.21960704920342716 0.79615928604452424
 1 -0.16187000000000001 0.80189999999999995 0.026201896900000004 -0.12980355300000002 0.64304360999999988 -0.0042413010512030013 0.021011301124110003 -0.10408946915069998 0.51565667085899991 0.0006865394011582298 -0.0034010993129596867 0.016848962371423807 -0.083469345311946316 0.41350508436183192 -0.00011113013286548267 0.00055053594578878442 -0.0027273415390623723 0.013511182925644752 -0.066934068005649744 0.33158972714975299 1.798863460693568e-05 -8.9115253544830547e-05 0.00044147477492802618 -0.0021870551801741163 0.010834617588074524 -0.053674429133730522 0.26590180220138687
 1 -0.17338999999999999 0.64839000000000002 0.030064092099999995 -0.11242434209999999 0.42040959210000001 -0.0052128129292189984 0.019493256676718997 -0.072894819174219 0.27258937542171902 0.0009038496337972821 -0.0033799357751763065 0.012639232696617831 -0.047264271804371857 0.17674422512968838 -0.00015671848800411073 0.00058604706405781973 -0.0021915165572665655 0.0081951520881600355 -0.030645681195236665 0.11459918813183866 2.7173418635032756e-05 -0.00010161470043698536 0.00037998705586444976 -0.0014209574205660683 0.0053136546624420848 -0.019870353230179504 0.074304967592802862
 1 -0.28283000000000003 0.47294999999999998 0.079992808900000018 -0.13376444849999999 0.2236817025 -0.022624366141187006 0.037832598969255005 -0.063263895918075005 0.10579026119737499 0.006398849475711922 -0.010700193966474394 0.017892927682509156 -0.02992065957445357 0.050033504033298502 -0.001809786597215603 0.0030263358595379532 -0.0050606567364440648 0.0084624601474427037 -0.014150975945737816 0.023663345732548524 0.00051186194329048908 -0.00085593857115311936 0.001431305544768475 -0.0023934376035012203 0.0040023205267330272 -0.0066927040735367 0.011191579364208825
 1 -0.36348000000000003 0.31213000000000002 0.1321177104 -0.11345301240000001 0.097425136900000014 -0.048022145376192003 0.041237900947152004 -0.035412088760412005 0.030409307980597006 0.017455089401338268 -0.014989152236270811 0.012871586022634557 -0.0110531752647874 0.009491657299983745 -0.0063445758955984338 0.0054482570548397141 -0.0046785640875072086 0.0040176081452449244 -0.003450027595398092 0.0029626309930439266 0.0023061264465321189 -0.0019803324742931391 0.00170056447452712 -0.0014603202086336251 0.0012540160303752984 -0.0010768571133516066 0.0009247260118588009
 1 -0.30012 0.027047000000000002 0.090072014399999997 -0.0081173456400000007 0.00073154020900000007 -0.027032412961727998 0.0024361777734768003 -0.00021954984752508002 1.9785968032823004e-05 0.0081129677780738072 -0.00073114567337585724 6.5891300239227018e-05 -5.9381647260108398e-06 5.351510773837638e-07 -0.0024348638895555111 0.00021943143949356228 -1.9775297027796811e-05 1.7821619975703731e-06 -1.606095413444152e-07 1.447423118999866e-08 0.00073075135053339991 -6.5855763620807916e-05 5.934962143982379e-06 -5.3486245871082034e-07 4.8202135548285886e-08 -4.3440062647423977e-09 3.9148453099589376e-10
 1 -0.23674999999999999 -0.21418000000000001 0.056050562499999991 0.050707114999999997 0.045873072400000006 -0.013269970671874997 -0.012004909476249999 -0.010860449890700001 -0.0098250946466320009 0.0031416655565664055 0.0028421623185021869 0.002571211511623225 0.002326091157590126 0.0021043387714156422 -0.0007437893205170965 -0.00067288192890539277 -0.00060873432537679852 -0.00055070208155946234 -0.00049820220413265327 -0.00045070727806180227 0.00017609212163242257 0.00015930479666835174 0.00014411785153295702 0.00013037871780920268 0.00011794937182840565 0.00010670494808113168 9.6532484815276822e-05
 1 -0.063939999999999997 -0.18493999999999999 0.0040883235999999998 0.0118250636 0.034202803599999998 -0.00026140741098399999 -0.00075609456658399989 -0.0021869272621839997 -0.006325466497783999 1.6714389858316958e-05 4.8344686587380953e-05 0.00013983212914404496 0.00040445032786830888 0.0011698317741001727 -1.0687180875407862e-06 -3.0911592603971379e-06 -8.9408663374702333e-06 -2.5860553963899671e-05 -7.479904363596504e-05 -0.00021634868830208592 6.8333834517357866e-08 1.9764872310979299e-07 5.7167899361784668e-07 1.6535238204517448e-06 4.7826508500836049e-06 1.3833335130035372e-05 4.001152641458777e-05
 1 0.062787999999999997 -0.16300999999999999 0.0039423329439999995 -0.010235071879999998 0.026572260099999995 0.00024753120088787193 -0.00064263969320143991 0.0016684190671587996 -0.004331544118900999 1.5541989041347704e-05 -4.0350061056732002e-05 0.0001047566963887667 -0.0002719689921375559 0.00070608500682205178 9.7585040792813957e-07 -2.533499633630089e-06 6.5774634528578827e-06 -1.7076389078332859e-05 4.4333665408342986e-05 -0.00011509891696206265 6.1271695412992023e-08 -1.5907337499636601e-07 4.1298577527804076e-07 -1.0721923174503635e-06 2.7836221836590391e-06 -7.2268307982139894e-06 1.8762274453985831e-05
 1 0.22983999999999999 -0.41155000000000003 0.052826425599999997 -0.094590651999999997 0.16937340250000002 0.012141625659903999 -0.021740715455680001 0.038928782830600001 -0.069705623798875016 0.0027906312416723349 -0.0049968860403334907 0.008947391445785104 -0.016021140573933432 0.028687349474427012 0.00064139868458596946 -0.0011484842875102495 0.0020564684498992486 -0.0036822989495128603 0.0065935004032023044 -0.011806278676200438 0.00014741907366523922 -0.00026396762864135576 0.00047265870852484322 -0.00084633959055603581 0.0015154501326720177 -0.0027135550909379086 0.0048588739891902901
 1 0.29320000000000002 -0.2288 0.085966240000000013 -0.067084160000000004 0.052349440000000004 0.025205301568000004 -0.019669075712000002 0.015348855808000002 -0.011977551872000001 0.0073901944197376024 -0.0057669729987584011 0.004500284522905601 -0.0035118182088704005 0.0027404638683136005 0.002166805003867065 -0.0016908764832359634 0.0013194834221159223 -0.0010296650988408016 0.0008035040061895477 -0.00062701813307015181 0.00063530722713382357 -0.0004957649848847845 0.00038687253936438846 -0.000301897806980123 0.00023558737461477542 -0.00018384171661616852 0.00014346174884645075
 1 0.48329 -0.18493999999999999 0.2335692241 -0.089379652599999998 0.034202803599999998 0.11288167031528899 -0.043196292305054 0.016529872951844 -0.006325466497783999 0.05455458244667602 -0.020876336108109544 0.0079887222988966871 -0.003057034703714029 0.0011698317741001727 0.026365684150654052 -0.010089324477688262 0.0038608695998337793 -0.0014774343019579529 0.00056536799810487251 -0.00021634868830208592 0.012742271493169598 -0.00487606962682196 0.0018659196689036672 -0.00071402922379325902 0.00027323669980410382 -0.00010455915756951511 4.001152641458777e-05
 1 0.64459 -0.14108000000000001 0.41549626810000001 -0.090938757200000012 0.019903566400000003 0.26782473945457902 -0.058618213503548004 0.012829639865776002 -0.0028079951477120008 0.17263714880502709 -0.037784714242252014 0.0082698575610805538 -0.0018100055922636786 0.00039615195543920905 0.11128017974823241 -0.024355648953413224 0.0053306674852969136 -0.0011667115047172445 0.00025535558895655976 -5.5889117873363617e-05 0.071730091063913134 -0.015699407758880631 0.0034360949543475378 -0.00075205056882568879 0.00016459965908550885 -3.6025566489991453e-05 7.8848367495741389e-06
 1 0.46024999999999999 0.012427000000000001 0.2118300625 0.0057195267500000004 0.00015443032900000001 0.097494786265624994 0.0026324121866875003 7.1076558922250003e-05 1.9191056984830003e-06 0.044871975378753905 0.0012115677089229219 3.2712986243965565e-05 8.8326839772680086e-07 2.3848726515048243e-08 0.020652326668071486 0.00055762403803177483 1.505615191878515e-05 4.065242800537601e-07 1.0976376378550953e-08 2.9636812440250454e-10 0.0095052333489799006 0.00025664646350412437 6.9295939206208655e-06 1.8710279989474307e-07 5.0518772282280761e-09 1.3640342925625272e-10 3.6829666819499236e-12
 1 0.62729999999999997 0.15862999999999999 0.39350528999999995 0.099508598999999989 0.025163476899999999 0.24684586841699996 0.062421744152699993 0.015785049059369997 0.0039916823406470001 0.15484641325798407 0.039157160106988699 0.0099019612749427985 0.0025039823322878631 0.00063320056969683354 0.097135155036733395 0.024563286535114012 0.0062115003077716181 0.0015707481170441763 0.00039720671737082365 0.0001004446063710087 0.060932882754542859 0.015408549643477017 0.0038964741430651357 0.00098533029382181169 0.00024916777380671766 6.3008901576533757e-05 1.593352790863311e-05
 1 0.57545999999999997 0.26827000000000001 0.33115421159999997 0.15437865419999999 0.071968792900000009 0.19056600260733597 0.088838740345931991 0.041415161562234001 0.019307068071283004 0.10966311186041755 0.05112314151947002 0.023832768872603178 0.011110445392300517 0.0051795071514830916 0.063106734351195876 0.029419323018794217 0.013714805175428224 0.0063936169054532553 0.0029805991853924596 0.001389506383528369 0.036315401349739179 0.016929643624395318 0.0078923217862519254 0.00367927078441213 0.0017152156072259448 0.0007996053434652352 0.00037276287750915557
 1 0.72523000000000004 0.44370999999999999 0.52595855290000004 0.32179180330000001 0.19687856409999999 0.38144092131966706 0.23337306950725903 0.14278224104224299 0.087356987676810993 0.27663239936866213 0.16924915119874948 0.10354996467106589 0.063353908172853635 0.038761169002077801 0.20062211499413485 0.12274456192386907 0.075097540878397123 0.04594615482419865 0.028110762595376884 0.01719871829791194 0.14549717645719643 0.089018038644047573 0.054462989571239941 0.033321529863153586 0.020386768357045178 0.012473026471194677 0.0076312432959665067
 1 0.22408 0.52412000000000003 0.050211846400000003 0.11744480960000001 0.27470177440000004 0.011251470541312 0.026317032935168003 0.061555173607552013 0.14397669399852803 0.0025212295188971933 0.0058971207401124458 0.013793283301980255 0.032262297591190162 0.075461064858508523 0.00056495711059448305 0.001321426815444397 0.0030907989223077355 0.0072293356442338919 0.01690931541349459 0.039550653313641486 0.00012659558934201179 0.00029610532080478048 0.00069258622251071745 0.0016199495311599304 0.0037890393978558677 0.0088625103945207846 0.020729288414745778
 1 0.44296999999999997 0.67032000000000003 0.19622242089999997 0.29693165039999997 0.44932890240000006 0.086920645786072989 0.13153181317768797 0.19903922389612802 0.30119414985676807 0.038503238463856747 0.058264647283320446 0.088168405009267814 0.13341997256205254 0.20189646253198879 0.017055779542334622 0.025809490807092456 0.039055958366955364 0.05910104524581241 0.089434076007795071 0.13533523676444273 0.0075551986638679666 0.011432830142817743 0.017300617877810218 0.026179990012537523 0.039616612649172975 0.059949449829545191 0.09071791590794126
 1 0.32200000000000001 0.69225000000000003 0.10368400000000001 0.22290450000000001 0.47921006250000003 0.033386248000000007 0.071775249000000013 0.154305640125 0.33173316576562506 0.010750371856000003 0.023111630178000005 0.049686416120250008 0.10681807937653127 0.22964228400125394 0.003461619737632001 0.0074419449173160025 0.015999025990720506 0.034395421559243071 0.07394481544840377 0.15896987109986804 0.0011146415555175046 0.002396306263375753 0.0051516863690120032 0.011075325742076271 0.023810230574386016 0.051188298494157514 0.11004689326888366
 1 0.13766999999999999 0.57528999999999997 0.018953028899999995 0.079200174299999981 0.33095858409999995 0.0026092634886629991 0.010903487995880996 0.045563068273046986 0.19039716384688896 0.00035921730448423503 0.0015010831923929367 0.0062726676091503777 0.026211977546801199 0.10953358438947675 4.9453446308344634e-05 0.00020665412309673557 0.00086355814975173245 0.0036086029488681206 0.015079488562899262 0.063013575763422078 6.808255953269804e-06 2.8450073126727584e-05 0.00011888605047632099 0.00049679636797067409 0.002075993190454341 0.0086750789753503171 0.03625108000093908
 1 -0.0063363999999999998 0.39984999999999998 4.0149964959999998e-05 -0.00253360954 0.1598800225 -2.5440623797254398e-07 1.6053963489256e-05 -0.0010130637745689999 0.06392802699662499 1.6120196862892277e-09 -1.0172433425332171e-07 6.4191773011790111e-06 -0.0004050735502614146 0.025561621594600504 -1.0214401540203063e-11 6.4456607156274771e-10 -4.0674475051190688e-08 2.5667080438764271e-06 -0.00016196865907202663 0.010220814394601012 6.4722533919342682e-14 -4.0842284558501947e-12 2.5772974371436467e-10 -1.6263688849218592e-08 1.0262982113439896e-06 -6.4763168329949849e-05 0.0040867926356812139
 1 -0.092742000000000005 0.55335999999999996 0.0086010785640000011 -0.051319713119999999 0.30620728959999993 -0.00079768122818248816 0.0047594928341750404 -0.028398276452083194 0.16944286577305595 7.3978552464100321e-05 -0.00044140488442706159 0.0026337129547191001 -0.015714470257524756 0.093762904204178224 -6.8609189126255921e-06 4.0936771791534554e-05 -0.00024425580684655877 0.001457391400623361 -0.0086957592617038972 0.051884640670424059 6.3629534179472272e-07 -3.7965580894904974e-06 2.2652772038563555e-05 -0.00013516139327661176 0.00080646210544894285 -0.0048118853450564688 0.028710884761385853
 1 -0.20795 0.35598999999999997 0.043243202500000001 -0.074028120499999989 0.12672888009999997 -0.0089924239598750001 0.015394147657975 -0.026353270616794992 0.045114214026798986 0.0018699745624560064 -0.003201213005475901 0.0054801626247625189 -0.009381500806872849 0.016060209051400168 -0.0003888612102627265 0.00066569224448871363 -0.0011395998178193659 0.0019508830927892091 -0.0033397204722386649 0.0057172738202079451 8.0863688674133984e-05 -0.000138430702241428 0.00023697978211553714 -0.00040568613914551601 0.00069449487220203036 -0.0011889070909122423 0.002035292307255826
 1 -0.20795 0.17324999999999999 0.043243202500000001 -0.036027337499999999 0.030015562499999995 -0.0089924239598750001 0.0074918848331249994 -0.0062417362218749987 0.0052001962031249984 0.0018699745624560064 -0.0015579374510483435 0.0012979690473389062 -0.0010813808004398434 0.000900933992191406 -0.0003888612102627265 0.0003239730929455031 -0.00026991266339412552 0.00022487313745146544 -0.00018734922367620287 0.00015608681414716109 8.0863688674133984e-05 -6.737020467801736e-05 5.6128338352808406e-05 -4.676236893303224e-05 3.8959271063466389e-05 -3.245825300190215e-05 2.7042040550995653e-05
 1 -0.43836000000000003 0.21711 0.19215948960000001 -0.095172339600000003 0.047136752099999998 -0.084235033861056005 0.041719746787055999 -0.020662866650556 0.010233860248430999 0.036925269443332513 -0.018288268201573869 0.0090577742249377275 -0.0044861149785022127 0.0022218733985368542 -0.016186561113179242 0.0080168452488419226 -0.0039705659092437026 0.0019665333619762301 -0.00097398042298261545 0.00048239093355633642 0.0070955409295732526 -0.0035142642832823451 0.0017405372719760696 -0.00086204956455590022 0.00042695405821865934 -0.00021146088963375564 0.00010473189558441619
 1 -0.21947 -0.016813000000000002 0.048167080899999999 0.0036899491100000005 0.00028267696900000007 -0.010571229245123 -0.00080983313117170006 -6.2039114386430022e-05 -4.7526478797970019e-06 0.0023200676824271446 0.00017773407729825301 1.3615724434389795e-05 1.043063630179048e-06 7.9906268803026999e-08 -0.00050918525426228538 -3.9007297944647586e-05 -2.9882430416155285e-06 -2.2892117491539566e-07 -1.7537028814200335e-08 -1.3434640973852931e-09 0.00011175088775294378 8.5609316799118046e-06 6.5582970034335993e-07 5.0241330258681882e-08 3.8488517138525473e-09 2.9485006545315027e-10 2.2587661869338936e-11
 1 -0.13882 -0.27266000000000001 0.019270992399999999 0.037850661200000003 0.074343475600000014 -0.0026751991649679998 -0.0052544287877839997 -0.010320361282792002 -0.020270492057096006 0.00037137114808085775 0.00072941980432017484 0.0014326725532771856 0.0028139497073660677 0.0055269523642877978 -5.155374277658467e-05 -0.00010125805723572668 -0.0001988836038459389 -0.00039063249837655749 -0.00076725152721043204 -0.0015069788316467111 7.1566905722454842e-06 1.4056643505463577e-05 2.760902188589324e-05 5.4227603424633707e-05 0.00010650985700735218 0.00020919880140919642 0.00041089284823679227
 1 0.18376000000000001 0.93347999999999998 0.0337677376 0.17153628479999999 0.87138491039999999 0.0062051594613759999 0.031521507694848003 0.160125691135104 0.81342038616019197 0.0011402601026224539 0.0057923922540052686 0.029424697002986711 0.14947413016079689 0.75931166207281597 0.00020953419645790213 0.0010644100005960083 0.0054070823212688376 0.027467366158348033 0.13953111102250068 0.70880225031173227 3.8504003941104092e-05 0.00019559598170952247 0.00099360544735636186 0.0050474032052580343 0.025640236961494721 0.13024950151728393 0.66165272462099578
 1 0.22408 0.77997000000000005 0.050211846400000003 0.17477567760000001 0.60835320090000011 0.011251470541312 0.039163733836608004 0.13631978525767202 0.4744972461059731 0.0025212295188971933 0.0087758094781071206 0.030546537480539149 0.10632534290742646 0.37009361704527588 0.00056495711059448305 0.0019664833878542442 0.0068448681186392118 0.023825382838696122 0.082930577707505421 0.28866191848680384 0.00012659558934201179 0.00044064959755037896 0.0015337980480246748 0.0053387917864950261 0.018583083852697815 0.064683362694523003 0.22514763656215242
 1 0.29896 0.61914999999999998 0.089377081600000005 0.185101084 0.38334672249999996 0.026720172315136001 0.055337820072640001 0.11460533615859998 0.23734912323587495 0.0079882627153330596 0.016543794688916456 0.034262411297975054 0.070957893882597184 0.14695470965149199 0.0023881710213759714 0.0049459328601984638 0.010243090481642621 0.021213571955141251 0.043933579997410044 0.090987008480721263 0.00071396760855056045 0.0014786360878849326 0.0030622743303918786 0.0063420094717090286 0.013134383076025708 0.027201476055396429 0.056334606300838565
 1 0.50634000000000001 0.75804000000000005 0.25638019560000003 0.38382597360000004 0.57462464160000004 0.12981554824010402 0.19434644347262403 0.29095544102774401 0.43558846331846407 0.065730804695894277 0.098405378187928466 0.14732237800998793 0.22055586251667111 0.33019347873392851 0.033282135649719109 0.049826579191675699 0.074595212881577291 0.11167625542669125 0.16719016602213738 0.25029986461946718 0.016852076564878776 0.025229190107913076 0.037770540090457848 0.056546155172750856 0.084655068663649038 0.126736833451421 0.18973730937614092
 1 0.61577999999999999 0.7288 0.37918500839999997 0.44878046399999999 0.53114943999999997 0.23349454447255197 0.27635003412192 0.32707120216319996 0.38710171187199999 0.14378127059530804 0.17017082401159586 0.20140390486805526 0.23836949213654016 0.28211972761231358 0.088537630807178788 0.10478779000986051 0.12402049653965107 0.14678316586783868 0.17372368586911044 0.20560885748385413 0.05451970229844455 0.064526225332271897 0.076369341359186327 0.090386137878097697 0.10697557128448082 0.12660982226140768 0.14984773533423287
 1 0.60426000000000002 0.59721999999999997 0.36513014760000001 0.36087615719999999 0.35667172839999994 0.22063354298877602 0.21806302674967198 0.21552245860298397 0.21301148963504796 0.13332002468639778 0.1317667645437568 0.13023160083543908 0.12871432272687408 0.12721472183984334 0.080559958117002728 0.079621385143210474 0.07869374712082243 0.077776916650940928 0.076870767818943739 0.075975176177191239 0.048679160291780064 0.048112018186636366 0.04755148363522816 0.046997479655497575 0.046449930162274944 0.045908759956829581 0.045373894716542143
 1 0.76554999999999995 0.50219000000000003 0.58606680249999987 0.38445155450000001 0.25219479610000001 0.44866344065387487 0.29431688754747493 0.193067726154355 0.12664970465345901 0.34347429699257387 0.22531429326196944 0.14780299775746644 0.096956681397455544 0.063602215179920582 0.26294674806266488 0.17248935720670067 0.11315058493322842 0.074225187443822074 0.048690675830988198 0.031940396441204319 0.20129888297937309 0.13204922740958969 0.086622430295633018 0.056823092247617987 0.037275146882413013 0.024451970495563965 0.016040147688808397
 1 0.92684 0.36330000000000001 0.85903238559999995 0.33672097200000001 0.13198689 0.79618557626950393 0.31208646568847997 0.1223307291276 0.047950837136999998 0.73793663950962696 0.2892542198587108 0.11338101298462477 0.044442753892057076 0.017420539131872099 0.68394919496310269 0.26809238113384748 0.10508605807466963 0.04119132201731418 0.016146052488984337 0.006328881866609134 0.63391147185960206 0.24847874253009522 0.097397962065926783 0.038177764898527471 0.014964807288890242 0.00586586086924801 0.002299282782139098
 1 0.82316 0.27557999999999999 0.67759238560000001 0.2268464328 0.075944336399999993 0.55776694813049599 0.18673090962364799 0.062514339951023998 0.020928740225111996 0.45913144102309911 0.15370941556580209 0.051459304074084909 0.017227701803703192 0.0057675422312363639 0.37793863699257424 0.12652744251714565 0.042359240741623734 0.014181155016736318 0.0047476100630645252 0.001589419288084117 0.31110396842680743 0.10415232958241361 0.034868432608874997 0.011673359563576667 0.0039080426995121952 0.0013083463811793218 0.00043801216741022099
 1 0.96140999999999999 0.085526000000000005 0.92430918809999996 0.082225551660000007 0.0073146966760000006 0.88864009653122089 0.079052467621440595 0.0070324225312731609 0.00062559674791157606 0.85434747520608112 0.076001832895929197 0.0067610413457913294 0.00060145496940966828 5.3504787461885461e-05 0.82137820613787849 0.073068922164475303 0.0065001327602572413 0.00057824482214014926 5.1440037713731303e-05 4.5760504524652163e-06 0.78968122116301764 0.070249192458148202 0.0062492926370389147 0.00055593035445376077 4.9454966658358405e-05 4.3994606655045834e-06 3.9137129099754007e-07
 1 0.93835999999999997 0.012427000000000001 0.88051948959999993 0.011660999720000001 0.00015443032900000001 0.8262442682610559 0.0109422156972592 0.00014491124352044001 1.9191056984830003e-06 0.77531457156544437 0.010267737521680143 0.00013597891446984008 1.8008120232285082e-06 2.3848726515048243e-08 0.72752418137415031 0.0096348341808437776 0.00012759717418191912 1.6898099701167028e-06 2.237869101266067e-08 2.9636812440250454e-10 0.68267959083424767 0.0090409430019365664 0.00011973208436534563 1.5856500835587091e-06 2.0999268498640263e-08 2.7809999321433417e-10 3.6829666819499236e-12
 1 0.86348000000000003 -0.082601999999999995 0.7455977104 -0.071325174960000001 0.0068230904039999988 0.64380871097619197 -0.061587862074460799 0.0058916021020459187 -0.00056360091355120792 0.55591594575372227 -0.053179887144055409 0.0050872805830746099 -0.00048665811683319704 4.6554562661156865e-05 0.4800223008394241 -0.045919768951148965 0.0043927650378732643 -0.00042021955072312893 4.019893376665573e-05 -3.8454999849368792e-06 0.41448965632882595 -0.039650802093938106 0.0037930647549028061 -0.00036285117765840738 3.471097532883189e-05 -3.3205123269932967e-06 3.1764598975575604e-07
 1 0.89803999999999995 -0.20687 0.80647584159999985 -0.18577753479999998 0.042795196899999999 0.72424756479046382 -0.16683565735179195 0.038431798624075995 -0.0088530423827029997 0.65040328308442807 -0.14982509372820324 0.034513292436365202 -0.0079503861813626005 0.0018314288777097694 0.58408816434113975 -0.13454892717167563 0.030994317139553404 -0.0071397648063108695 0.0016446963893384811 -0.00037886769193182002 0.5245345351049171 -0.12083031855725158 0.027834136564004536 -0.006411794386659413 0.0014770031454815296 -0.00034023834206245164 7.8376359429935599e-05
 1 0.85196000000000005 -0.36769000000000002 0.72583584160000003 -0.31325717240000001 0.13519593610000002 0.61838310360953608 -0.26688258059790404 0.11518152971975602 -0.049710193744609013 0.52683766895118034 -0.22737328336619034 0.098130056060043339 -0.042351096662657101 0.018277941137955288 0.44884462043964762 -0.19371294249665952 0.08360288256091454 -0.036081440312717337 0.015572074731892389 -0.00672061617701478 0.38239766282976217 -0.16503567848945405 0.07122631182659675 -0.030739943888822667 0.013266784788583039 -0.0057256961581695119 0.0024711033621265649
 1 0.82891999999999999 -0.5212 0.68710836639999995 -0.432033104 0.27164944000000002 0.56955786707628797 -0.35812088056767999 0.22517565380480001 -0.14158368812800001 0.47211790717687657 -0.2968535603201613 0.1866526029518748 -0.11736155076306178 0.073793418252313614 0.39134797561705653 -0.24606785322058808 0.15472007563886808 -0.097283336658517156 0.061168840257707802 -0.038461129593105853 0.32439616394849047 -0.20397056489160986 0.12825056509857052 -0.080640103422978046 0.050704075066419149 -0.031881199542317301 0.020045940743926773
 1 0.79435 -0.55774999999999997 0.63099192250000002 -0.4430487125 0.31108506249999995 0.50122843363787506 -0.351935744774375 0.24711041939687498 -0.17350769360937496 0.39815080626024602 -0.2795601588615248 0.19629216164790764 -0.13782583641860699 0.096773916110628883 0.3162710929528264 -0.22206861219165219 0.15592467860501544 -0.10948195315912047 0.076872360262478054 -0.053975651710703253 0.25122994268707766 -0.17640020209443891 0.12385876844989401 -0.086966989491947352 0.061063559374499442 -0.042875558936397128 0.030104919741644739
 1 0.59274000000000004 -0.74050000000000005 0.35134070760000008 -0.43892397000000005 0.54834025000000008 0.20825369102282407 -0.2601677939778001 0.32502319978500005 -0.40604595512500008 0.12344029281686876 -0.15421185820240124 0.19265425144056098 -0.24067967944079258 0.30067702977006261 0.073167999164270789 -0.091407536830891326 0.11419388099887812 -0.14266047319173542 0.17822330262590694 -0.22265134054473137 0.04336959982462988 -0.054180903381142523 0.067687281023275037 -0.084560568879669257 0.10564008039848008 -0.13197435559448409 0.1648733176733736
 1 0.51785999999999999 -0.59430000000000005 0.26817897959999998 -0.30776419800000004 0.35319249000000008 0.13887916637565598 -0.15937876757628 0.18290426287140005 -0.20990229680700007 0.071919965099297198 -0.082535888577052352 0.094718801570583225 -0.10870000342447306 0.12474493499240016 0.037244473126322043 -0.042742035258512327 0.049051078581342222 -0.05629138377339761 0.064600412035164353 -0.074135914865983421 0.019287422853197133 -0.022134390378973193 0.025401591554133879 -0.029151056000891684 0.03345396937653021 -0.038392024872498175 0.044058974204853954
 1 0.46600999999999998 -0.41886000000000001 0.21716532009999998 -0.1951929486 0.1754436996 0.10120121081980099 -0.090961865977085998 0.081758518450595993 -0.073486348014455999 0.04716077625413545 -0.042389139163981841 0.038100287183162239 -0.034245373038216641 0.03078049172933504 0.02197739334218966 -0.019753762741807176 0.017755114830225436 -0.015958686289539333 0.014344016950787422 -0.012892716765749275 0.010241685071393803 -0.009205450975309561 0.0082740610620333534 -0.0074369073977882255 0.006684455339236446 -0.006008134940006819 0.0054002433445017413
 1 0.35081000000000001 -0.57967999999999997 0.12306765610000001 -0.20335754079999999 0.3360289024 0.043173364436441 -0.071339858888048002 0.117882299250944 -0.19478923414323199 0.015145647977947868 -0.025026735896516116 0.041354289400223669 -0.068334011229787217 0.11291542324814872 0.0053132447671438918 -0.0087796292198568191 0.014507498264492463 -0.023972254479521653 0.039611859629683055 -0.065454812548486854 0.0018639393967617487 -0.003079981726617971 0.005089375466166602 -0.0084097065939609909 0.013896236476689113 -0.022962202790134674 0.037942845738106856
 1 0.28743999999999997 -0.76973999999999998 0.082621753599999986 -0.22125406559999997 0.59249966759999995 0.023748796854783993 -0.06359726861606399 0.17030810445494396 -0.45607069413842394 0.0068263541679391103 -0.018280398891001429 0.048953361544529089 -0.13109296032314857 0.35105585610611045 0.0019621672420324179 -0.0052545178572294508 0.01407115424235944 -0.037681360515285818 0.10090749527914038 -0.27022173467911748 0.00056400535204979808 -0.0015103586128820334 0.0040446125754237967 -0.010831130266513755 0.02900485044303611 -0.07767253541616552 0.20800047805190386
 1 0.085829000000000003 -0.75512000000000001 0.0073666172410000001 -0.064811194480000001 0.57020621439999997 0.00063226939117778903 -0.00556268001102392 0.0489402291757376 -0.43057411661772799 5.4267049575398454e-05 -0.00047743926266617204 0.0042004909299243826 -0.036955745855182978 0.32513512694037872 4.6576865980068739e-06 -4.097813447537488e-05 0.00036052393602447984 -0.0031718747110044995 0.027906022810165767 -0.24551603705521877 3.99764583020332e-07 -3.5171123038869507e-06 3.0943408905045076e-05 -0.00027223883457080521 0.0023951460317737177 -0.021072395944412372 0.1853940699011368
 1 0.14918999999999999 -0.57967999999999997 0.022257656099999999 -0.086482459199999986 0.3360289024 0.0033206197135589996 -0.012902318088047999 0.050132151949055993 -0.19478923414323199 0.00049540325506586714 -0.0019248968355558807 0.0074792157492796644 -0.029060605841828777 0.11291542324814872 7.3909211623276709e-05 -0.00028717535889658186 0.001115824197635033 -0.0043355517855424358 0.016845851994391307 -0.065454812548486854 1.1026515282076653e-05 -4.2843691793781043e-05 0.00016646981204517056 -0.00064682097088507588 0.002513232659043239 -0.0097652034841087532 0.037942845738106856
 1 -0.13306000000000001 -0.4481 0.017704963600000002 0.059624186000000003 0.20079361000000001 -0.0023558224566160003 -0.0079335941891600006 -0.026717597746600003 -0.089975616641000011 0.00031346573607732504 0.0010556440428096297 0.0035550435561625964 0.011972155550251462 0.040318073816832105 -4.1709750842448874e-05 -0.00014046399633624936 -0.00047303409558299508 -0.0015930150175164596 -0.0053647229020676807 -0.018066528877322467 5.5498994470962469e-06 1.8690139352501339e-05 6.2941916758273332e-05 0.00021196657823074013 0.0007138300293491256 0.0024039323324165276 0.0080956115899281974
 1 -0.40955999999999998 -0.41155000000000003 0.16773939359999998 0.16855441800000001 0.16937340250000002 -0.068699346042815995 -0.069033147436079995 -0.069368570727900009 -0.069705623798875016 0.028136504165295714 0.028273215863920925 0.028410591827318723 0.028548635283067249 0.028687349474427012 -0.011523586645938512 -0.011579578289227451 -0.011635841988796657 -0.011692379066533021 -0.011749190850746327 -0.011806278676200438 0.0047196001467105769 0.0047425320841359949 0.0047655754449315579 0.004788730770489265 0.0048119986048316653 0.004835379494624651 0.0048588739891902901
 1 -0.39228000000000002 -0.25803999999999999 0.15388359840000002 0.10122393120000001 0.066584641599999994 -0.060365457980352012 -0.039708123731136004 -0.026119823206847997 -0.017181500918463998 0.023680161856532489 0.015576702777250033 0.010246284247582333 0.0067399591802950578 0.0044335144970004499 -0.0092892538930805651 -0.006110428965459643 -0.0040194123846415981 -0.0026439511872461451 -0.0017391790668833365 -0.001144024080805996 0.0036439885171776444 0.002396999074570509 0.0015767350902472063 0.0010371691717329179 0.0006822451643569953 0.00044877776641857615 0.00029520397381117922
 1 -0.74365999999999999 -0.25803999999999999 0.5530301956 0.1918940264 0.066584641599999994 -0.41126643525989598 -0.142703911672624 -0.049516334572255995 -0.017181500918463998 0.30584239724537426 0.10612319095446356 0.036823317368003892 0.012777194973024937 0.0044335144970004499 -0.22744275713549503 -0.078919572185196379 -0.027384028193889774 -0.009501888813639725 -0.0032970273908393545 -0.001144024080805996 0.16914008077138223 0.058689329051243133 0.020364406406668072 0.0070661746351513175 0.0024518673894715942 0.00085076494793218701 0.00029520397381117922
 1 -0.69757999999999998 0.041667000000000003 0.48661785639999999 -0.02906606586 0.0017361388890000003 -0.33945488426751197 0.020275906222618802 -0.0012110957661886201 7.2339699087963015e-05 0.23679693816733102 -0.014144066662774422 0.00084483618457785762 -5.0462727289781241e-05 3.0141782418981552e-06 -0.16518480812676678 0.0098666180226181822 -0.00058934082563782194 3.5201789302805594e-05 -2.1026304579833149e-06 1.2559176480517043e-07 0.11522961845306996 -0.0068827554002179915 0.00041111237314843185 -2.4556064181851125e-05 1.4667529548800008e-06 -8.7610303292790784e-08 5.2330320641370377e-09
 1 -0.75517999999999996 0.29020000000000001 0.57029683239999995 -0.219153236 0.084216040000000006 -0.43067676189183196 0.16550014076247999 -0.063598269087199996 0.024439494808000003 0.32523847704547365 -0.12498239630100964 0.048028140849271699 -0.01845621768910544 0.0070923413932816011 -0.24561359309520078 0.094384206038596458 -0.036269891406552998 0.013937766474458647 -0.0053559943733783996 0.0020581974723303206 0.18548247323363373 -0.071277064716227273 0.027390296592400692 -0.010525522486181681 0.0040447398308878996 -0.0015543095671544114 0.00059728890647025906
 1 -0.69757999999999998 0.68493999999999999 0.48661785639999999 -0.47780044519999998 0.46914280359999999 -0.33945488426751197 0.33330403456261598 -0.32726463693528796 0.32133467189778397 0.23679693816733102 -0.23250622843018964 0.22829326543331818 -0.22415664042245614 0.22009497016966817 -0.16518480812676678 0.16219169482833171 -0.15925281610097408 0.15636718922589696 -0.15353384929095712 0.15075184886801252 0.11522961845306996 -0.11314168247834763 0.11109157945571752 -0.10907862386020119 0.10710214258838587 -0.10516147473334816 0.1032559713636565
 1 -0.40379999999999999 0.70687 0.16305443999999999 -0.28543410600000002 0.4996651969 -0.06584138287199999 0.11525829200279999 -0.20176480650821998 0.35319833773270298 0.0265867504037136 -0.046541298310730631 0.081472628868019231 -0.14262148877646547 0.24966530899311576 -0.010735729813019552 0.018793376257873032 -0.032898647536906162 0.057590557167936755 -0.10081485177142015 0.17648091696796372 0.0043350876984972952 -0.0075887653329291312 0.01328447387540271 -0.023255066984412858 0.04070903714529945 -0.071262994271663757 0.12474906577714452
 1 -0.38075999999999999 0.91886000000000001 0.14497817759999998 -0.34986513359999999 0.84430369960000007 -0.055201890902975989 0.133214648269536 -0.32147707665969599 0.77579689741445612 0.021018671980217136 -0.050722809475108516 0.12240561170894584 -0.29539242665952831 0.71284873715824715 -0.0080030695431874757 0.019313216935742318 -0.046607160714298219 0.11247362037488198 -0.2714242851603742 0.65500819062522697 0.0030472487592640633 -0.0073537004804532444 0.017746142513576188 -0.042825455693940064 0.10334751081766406 -0.24940091866246142 0.60186082603789615
 1 -0.50749 0.90424000000000004 0.25754610010000001 -0.45889275760000003 0.81764997760000013 -0.13070207033974901 0.23288348555442401 -0.41494918713222406 0.73935181574502418 0.066329993676719226 -0.11818604008401465 0.2105825629777324 -0.3752136529724423 0.6685514858692807 -0.033661808490998237 0.059978233482236597 -0.10686854488556942 0.19041717674698475 -0.33928319356380127 0.60453099558243839 0.017083031191096696 -0.030438353709900248 0.054234717843977626 -0.096634813027327293 0.17218282790169351 -0.30679343494813166 0.54664110744546413
 1 -0.54781000000000002 0.70687 0.30009579610000003 -0.3872304547 0.4996651969 -0.16439547806154103 0.21212871538920702 -0.273721591513789 0.35319833773270298 0.090057486836892797 -0.11620623157736151 0.14994742504716876 -0.19348558139335204 0.24966530899311576 -0.049334391864118247 0.063658935720394411 -0.082142698915089532 0.10599333634309219 -0.13676915291951874 0.17648091696796372 0.027025873207082617 -0.034873001576989263 0.044998591892675195 -0.058064209582109332 0.074923509660841575 -0.096678011124220212 0.12474906577714452
 1 0.10310999999999999 0.77997000000000005 0.010631672099999998 0.080422706699999999 0.60835320090000011 0.0010962317102309997 0.0082923852878369984 0.062727298544799012 0.4744972461059731 0.00011303245164191836 0.00085502784702887289 0.0064678117529542245 0.048925411045986883 0.37009361704527588 1.1654776088798201e-05 8.8161921307147067e-05 0.00066689606984711002 0.0050446991329517066 0.038160352853538394 0.28866191848680384 1.2017239625159824e-06 9.0903757059799338e-06 6.8763653761935503e-05 0.0005201589275986504 0.0039347139827283434 0.02976393041517434 0.22514763656215242
 1 0.057028000000000002 0.91886000000000001 0.0032521927840000004 0.052400748080000004 0.84430369960000007 0.00018546605008595203 0.0029883098615062402 0.048148951380788806 0.77579689741445612 1.0576757904301674e-05 0.00017041733478197787 0.0027458383993436242 0.044242145465751608 0.71284873715824715 6.0317134976651584e-07 9.7185597679466363e-06 0.00015658967223776822 0.002523041071620883 0.040652337782660523 0.65500819062522697 3.4397655734484874e-08 5.5423002644646079e-07 8.9299958283754462e-06 0.00014388398623239572 0.0023183215190695642 0.037353807094975447 0.60186082603789615
 1 -0.10426000000000001 0.99195999999999995 0.010870147600000001 -0.1034217496 0.98398464159999988 -0.0011333215887760002 0.010782751613296001 -0.10259023873321599 0.97607340508153584 0.00011816010884578579 -0.0011242096832022412 0.0106960582903251 -0.10176541321380093 0.9682257749046802 -1.2319372948261627e-05 0.00011721010157066567 -0.001115171037349295 0.010610061981670886 -0.10094721929156196 0.9604412396744465 1.2844178235857573e-06 -1.2220325189757604e-05 0.0001162677323540375 -0.0011062050622090067 0.01052475708333825 -0.10013560364845779 0.95271929210746387
 1 -0.081221000000000002 1.1089 0.0065968508410000001 -0.090065966900000002 1.2296592099999999 -0.00053580282215686097 0.0073152478975849001 -0.099874150695409988 1.3635690979689998 4.3518441018402406e-05 -0.00059415174948974317 0.0081118783936318956 -0.11075044570614014 1.5120617727378238 -3.5346112979556618e-06 4.8257599245306428e-05 -0.00065885487500917607 0.0089952619506984081 -0.1228111692435388 1.6767252997889728 2.8708466423125681e-07 -3.9195304683030331e-06 5.3512851803120293e-05 -0.00073060417089767539 0.0099748459771294637 -0.13618530557416017 1.8593206849359918
 1 0.28743999999999997 1.087 0.082621753599999986 0.31244727999999994 1.1815689999999999 0.023748796854783993 0.08980984616319998 0.33963019335999994 1.2843655029999999 0.0068263541679391103 0.025814942181150199 0.097623302779398374 0.36917802018231993 1.3961053017609997 0.0019621672420324179 0.0074202469805498125 0.028060842150910266 0.10611653012120603 0.40129650793818172 1.5175664630142065 0.00056400535204979808 0.0021328757920892382 0.0080658084678576457 0.030502135418039457 0.11534866824175094 0.43620930412880349 1.6495947452964423
 1 0.39689000000000002 0.82382999999999995 0.15752167210000001 0.32696988869999999 0.67869586889999989 0.062518776439769011 0.129771079126143 0.26936760340772098 0.55913001767588688 0.024813077181179921 0.051504843594374898 0.10690930811649038 0.22191311271538275 0.46062808246192583 0.0098480622024384994 0.020441757374171452 0.042431235298353867 0.088075095305608267 0.18281867964831375 0.37947923317460835 0.0039085974075258158 0.0081131290842349092 0.016840532977563667 0.034956124575842865 0.072558905765619242 0.15061151285467031 0.31262637666623755
 1 0.63882000000000005 0.88961999999999997 0.40809099240000007 0.56830704840000001 0.79142374439999996 0.26069668776496807 0.36304590865888803 0.50557731639760806 0.70406639149312789 0.16653825807801692 0.23192098736947089 0.32297290126111999 0.44977169221364 0.62635154320011643 0.10638797002539878 0.14815576515136542 0.20632154878362868 0.28732315241991752 0.40012589282709843 0.55721485986168751 0.067962763011625252 0.094644865893995261 0.1318023317939577 0.18354777622889173 0.25560842285580704 0.35595999677684326 0.49570948363015449
 1 0.82316 0.66300999999999999 0.67759238560000001 0.54576331160000002 0.43958226010000001 0.55776694813049599 0.44925052757665601 0.36184653322391602 0.29144743426890102 0.45913144102309911 0.36980506428000015 0.2978575922885987 0.23990786999278857 0.19323256339462405 0.37793863699257424 0.30440873671272495 0.2451844556682829 0.19748256226326383 0.15906131688391872 0.12811512185626969 0.31110396842680743 0.25057709571244663 0.20182603652790376 0.16255974595262826 0.13093291360616655 0.10545924370720695 0.084941606941925374
 1 0.67339000000000004 0.64107999999999998 0.45345409210000004 0.4316968612 0.4109835664 0.30535145107921907 0.290700349363468 0.276752223778096 0.263473344747712 0.20562061364223533 0.19575470825786576 0.18636217996993207 0.17742031561966179 0.16890749185086321 0.13846286502054486 0.13181926299376423 0.12549442836995259 0.11947306633512406 0.11374061593745279 0.10828321487575138 0.093239508676184704 0.088765773507370901 0.084506693120042373 0.080451968139409205 0.076591793366121333 0.072916834065182221 0.069418203392546701
 1 1.0709 0.10015 1.1468268099999999 0.107250635 0.010030022500000001 1.2281368308289997 0.11485470502149998 0.010741151095250001 0.001004506753375 1.3152117321347758 0.12299790360752433 0.011502698707903224 0.0010757262821892875 0.00010060135135050627 1.4084602439431313 0.13171845497329782 0.012318240046293562 0.0011519952755965079 0.00010773398716125716 1.0075225337753203e-05 1.5083200752386994 0.14105729343090459 0.013191603265575776 0.0012336717406363001 0.00011537232685099029 1.0789558814199905e-05 1.0090338175759834e-06
 1 -0.046658999999999999 -0.57967999999999997 0.0021770622809999998 0.027047289119999998 0.3360289024 -0.00010157954896917899 -0.0012619994630500798 -0.0156787725570816 -0.19478923414323199 4.739600175352922e-06 5.8883632946453677e-05 0.00073155584874087028 0.009088670875889061 0.11291542324814872 -2.2114500458179199e-07 -2.7474514296485819e-06 -3.4133664346400266e-05 -0.00042406829439810766 -0.0052685207333353712 -0.065454812548486854 1.0318404768781832e-08 1.2819333625597319e-07 1.5926426447386899e-06 1.9786602548321307e-05 0.00024582390889669504 0.0030540560986998481 0.037942845738106856
 1 -0.23674999999999999 -0.63815999999999995 0.056050562499999991 0.15108437999999999 0.40724818559999992 -0.013269970671874997 -0.035769226964999991 -0.096416007940799978 -0.25988950212249595 0.0031416655565664055 0.0084683644839637483 0.022826489879984393 0.061528839627500914 0.16585108467449197 -0.0007437893205170965 -0.0020048852915784173 -0.0054041714790863046 -0.014566952781810839 -0.039265244296685972 -0.10583952819587379 0.00017609212163242257 0.00047465659278119024 0.0012794375976736825 0.003448726071093716 0.0092960465872404027 0.025057508300373118 0.067542553313478804
 1 -0.15035000000000001 -0.36769000000000002 0.022605122500000005 0.055282191500000008 0.13519593610000002 -0.0033986801678750011 -0.0083116774920250023 -0.020326708992635004 -0.049710193744609013 0.00051099156324000653 0.0012496607109259593 0.0030561206970426734 0.0074739276295019653 0.018277941137955288 -7.6827581533134989e-05 -0.000187886487887718 -0.00045948774680036603 -0.0011237050190956207 -0.0027480884500915778 -0.00672061617701478 1.1551026883506848e-05 2.8248733453918407e-05 6.9083982731435049e-05 0.00016894904962102658 0.00041317509847126879 0.0010104446422141723 0.0024711033621265649
 1 -0.49020999999999998 -0.3019 0.24030584409999997 0.147994399 0.09114361 -0.11780032783626099 -0.072548334333789988 -0.044679509058099996 -0.027516255858999999 0.057746898708613492 0.035563918973767192 0.021902342135371199 0.013488743784640388 0.0083071576438320995 -0.028308107215949417 -0.017433788720130412 -0.010736747138180316 -0.006612317090668565 -0.0040722517485829333 -0.0025079308926729106 0.013876917238330563 0.0085462175684951295 0.0052632608146073716 0.0032414239610166371 0.0019962585296728398 0.0012294128028971876 0.00075714433649795175
 1 -0.46716999999999997 -0.13377 0.21824780889999998 0.062493330899999998 0.0178944129 -0.10195882888381298 -0.029195009396552996 -0.0083597328744929988 -0.002393735613633 0.047632106089650912 0.013639032539787663 0.0039054164069768946 0.0011182814666209286 0.00032021001303568643 -0.022252291001902215 -0.0063717468316126027 -0.0018244933828473957 -0.00052242755276129919 -0.00014959251178988162 -4.2834493443783775e-05 0.010395602787358658 0.0029766889673244592 0.00085234857366481786 0.00024406247982349612 6.9885133732878991e-05 2.0010990302132466e-05 5.7299701879749558e-06
 1 -0.28859000000000001 -0.060672999999999998 0.083284188100000003 0.017509621070000002 0.0036812129289999999 -0.024034983843779001 -0.0050531015445913 -0.0010623612391801099 -0.00022335023204121698 0.0069362559874761821 0.0014582745747536033 0.00030658683001498797 6.4456643464774811e-05 1.3551328628636757e-05 -0.0020017341154257517 -0.00042084345952814238 -8.8477893274025373e-05 -1.8601542737499362e-05 -3.9107779289382816e-06 -8.2219976188527799e-07 0.00057768044837071763 0.00012145121398522663 2.5533835219950982e-05 5.3682192186149414e-06 1.1286114025122988e-06 2.3727862928247238e-07 4.988532615286547e-08
 1 -0.61117999999999995 -0.067982000000000001 0.37354099239999994 0.041549238759999996 0.0046215523239999997 -0.22830078373503193 -0.025394063745336797 -0.0028246003493823195 -0.00031418237009016797 0.13953287300317682 0.015520343879874941 0.001726339241535486 0.00019202198095170884 2.1358745883469797e-05 -0.085279701322081597 -0.0094857237725019666 -0.0010551040176416582 -0.0001173599943180654 -1.3054038309059069e-05 -1.4520102626500438e-06 0.052121247854029829 0.0057974846552777508 0.00064485847350222864 7.1728081327315205e-05 7.9783671337307216e-06 8.8743963232645364e-07 9.8710561675475263e-08
 1 -0.66302000000000005 -0.21418000000000001 0.43959552040000005 0.14200562360000002 0.045873072400000006 -0.29146062193560807 -0.09415256855927201 -0.030414764462648007 -0.0098250946466320009 0.19324422155574686 0.062425036006168541 0.020165597134024882 0.0065142342526099501 0.0021043387714156422 -0.12812478377589129 -0.041389047372809865 -0.013370194211801179 -0.0043190675941654488 -0.0013952186922239992 -0.00045070727806180227 0.084949294139091441 0.027441766189120396 0.0088647061663084167 0.0028636281962835762 0.00092505789731835597 0.00029882793950053617 9.6532484815276822e-05
 1 -0.59965000000000002 -0.41886000000000001 0.35958012250000004 0.25116939900000002 0.1754436996 -0.21562222045712504 -0.15061373011035001 -0.10520481446514 -0.073486348014455999 0.12929786449711503 0.090315523260671396 0.063086066994021209 0.044066088586868543 0.03078049172933504 -0.077533464445695033 -0.054157703523261602 -0.03782956007296482 -0.026424230021115724 -0.018457521865495756 -0.012892716765749275 0.046492941954861026 0.032475666917723821 0.022684495697753354 0.015845289532162046 0.011068052986644532 0.0077311176085815532 0.0054002433445017413
 1 -0.72638000000000003 -0.082601999999999995 0.52762790440000007 0.060000440759999996 0.0068230904039999988 -0.38325835719807205 -0.043583120159248805 -0.0049561564076575195 -0.00056360091355120792 0.27839120550153562 0.031657906821275145 0.003600052891394269 0.0004093884315853264 4.6554562661156865e-05 -0.20221780385220545 -0.022995670356837843 -0.0026150064192509695 -0.00029737156893494944 -3.3816303225811122e-05 -3.8454999849368792e-06 0.146886968362165 0.016703595033799874 0.0018994883628155193 0.00021600476024296857 2.4563486337164688e-05 2.7932942790584505e-06 3.1764598975575604e-07
 1 -0.83006999999999997 0.31213000000000002 0.68901620489999993 -0.25908974909999999 0.097425136900000014 -0.57193168120134297 0.21506262803543699 -0.080869683386583013 0.030409307980597006 0.47474333061479868 -0.17851703565337518 0.067127498088700957 -0.025241854275454157 0.009491657299983745 -0.39407019644342595 0.14818163578479712 -0.055720522338488003 0.020952505978426229 -0.0078787399749975073 0.0029626309930439266 0.32710584796179454 -0.12300113041588655 0.046251933977508729 -0.017392046637512263 0.0065399056910461799 -0.0024591911083959722 0.0009247260118588009
 1 -0.72062000000000004 0.53874 0.51929318440000005 -0.38822681880000004 0.29024078759999999 -0.37421305454232806 0.27976401016365604 -0.20915331636031201 0.156364321911624 0.26966541136429245 -0.20160354100413383 0.15072006283556805 -0.11267925765595449 0.084239714786668307 -0.19432628873733643 0.14527954371839891 -0.10861189168056705 0.081198926652033931 -0.060704823269568921 0.045383303944169687 0.1400354101898994 -0.10469134479435263 0.078267901382850225 -0.058513570523988694 0.043745109744516758 -0.032704116488247559 0.024449801166881974
 1 -0.59389000000000003 0.49487999999999999 0.35270533210000005 -0.2939042832 0.24490621439999999 -0.20946816968086904 0.174546814749648 -0.14544735167001599 0.12119918738227199 0.12440105129177133 -0.10366160781166847 0.086379727683305804 -0.071978985394457518 0.05997905385173876 -0.073880540351670076 0.061563592263271794 -0.051300056473838493 0.042747599635914381 -0.035620960292009132 0.029682434170148476 0.043876914109453345 -0.036562001809234489 0.030466590539247943 -0.025387371947773192 0.021154932107821305 -0.017628100829309479 0.014689243022123079
 1 -0.48444999999999999 0.99926999999999999 0.23469180249999999 -0.48409635149999997 0.9985405329 -0.11369644372112499 0.23452047748417498 -0.48374296116340498 0.99781159831098298 0.055080242160699004 -0.11361344531720856 0.23434927753561155 -0.48338982880175568 0.99708319584421601 -0.026683623314750632 0.055040033583921691 -0.11353050750212701 0.23417820256301053 -0.48303695422673043 0.99635532511124969 0.012926881314830944 -0.026664144269730863 0.05499985435940543 -0.11344763023165044 0.23400725247513957 -0.48268433725014492 0.99562798572391853
 1 -0.0063363999999999998 0.99926999999999999 4.0149964959999998e-05 -0.0063317744280000001 0.9985405329 -2.5440623797254398e-07 4.0120655485579195e-05 -0.0063271522326675596 0.99781159831098298 1.6120196862892277e-09 -2.5422052141882401e-07 4.0091367407074727e-05 -0.0063225334115377127 0.99708319584421601 -1.0214401540203063e-11 1.6108429119182365e-09 -2.5403494043818828e-07 4.0062100708867559e-05 -0.0063179179621472899 0.99635532511124969 6.4722533919342682e-14 -1.0206945027078714e-11 1.6096669965925363e-09 -2.538494949316684e-07 4.0032855375350092e-05 -0.0063133058820349225 0.99562798572391853
 1 0.63265000000000005 -0.030612 0.40024602250000008 -0.0193666818 0.00093709454400000007 0.25321564613462505 -0.012252331240770003 0.00059285286326160006 -2.8686338180928003e-05 0.16019687852707057 -0.0077514373594731421 0.00037506836394245137 -1.8148411850164103e-05 8.781461843945681e-07 0.10134855520015121 -0.0049039468454706841 0.00023728700044819184 -1.1481592757006322e-05 5.5555918355722357e-07 -2.6881810996686518e-08 0.06411816344737567 -0.0031024819717870287 0.0001501196208335486 -7.2638296577200493e-06 3.5147451747747754e-07 -1.7006777727053728e-08 8.2290599823056779e-10


# name: cost
# type: scalar
3.1645093316150104


# name: data
# type: matrix
# rows: 118
# columns: 3
 0.051267 0.69955999999999996 1
 -0.092742000000000005 0.68493999999999999 1
 -0.21371000000000001 0.69225000000000003 1
 -0.375 0.50219000000000003 1
 -0.51324999999999998 0.46564 1
 -0.52476999999999996 0.20979999999999999 1
 -0.39804 0.034356999999999999 1
 -0.30587999999999999 -0.19225 1
 0.016705000000000001 -0.40423999999999999 1
 0.13191 -0.51388999999999996 1
 0.38536999999999999 -0.56506000000000001 1
 0.52937999999999996 -0.5212 1
 0.63882000000000005 -0.24342 1
 0.73675000000000002 -0.18493999999999999 1
 0.54666000000000003 0.48757 1
 0.32200000000000001 0.58260000000000001 1
 0.16647000000000001 0.53874 1
 -0.046658999999999999 0.81652000000000002 1
 -0.17338999999999999 0.69955999999999996 1
 -0.47869 0.63376999999999994 1
 -0.60541 0.59721999999999997 1
 -0.62846000000000002 0.33406000000000002 1
 -0.59389000000000003 0.005117 1
 -0.42108000000000001 -0.27266000000000001 1
 -0.11577999999999999 -0.39693000000000001 1
 0.20104 -0.60160999999999998 1
 0.46600999999999998 -0.53581999999999996 1
 0.67339000000000004 -0.53581999999999996 1
 -0.13882 0.54605000000000004 1
 -0.29435 0.77997000000000005 1
 -0.26555000000000001 0.96272000000000002 1
 -0.16187000000000001 0.80189999999999995 1
 -0.17338999999999999 0.64839000000000002 1
 -0.28283000000000003 0.47294999999999998 1
 -0.36348000000000003 0.31213000000000002 1
 -0.30012 0.027047000000000002 1
 -0.23674999999999999 -0.21418000000000001 1
 -0.063939999999999997 -0.18493999999999999 1
 0.062787999999999997 -0.16300999999999999 1
 0.22983999999999999 -0.41155000000000003 1
 0.29320000000000002 -0.2288 1
 0.48329 -0.18493999999999999 1
 0.64459 -0.14108000000000001 1
 0.46024999999999999 0.012427000000000001 1
 0.62729999999999997 0.15862999999999999 1
 0.57545999999999997 0.26827000000000001 1
 0.72523000000000004 0.44370999999999999 1
 0.22408 0.52412000000000003 1
 0.44296999999999997 0.67032000000000003 1
 0.32200000000000001 0.69225000000000003 1
 0.13766999999999999 0.57528999999999997 1
 -0.0063363999999999998 0.39984999999999998 1
 -0.092742000000000005 0.55335999999999996 1
 -0.20795 0.35598999999999997 1
 -0.20795 0.17324999999999999 1
 -0.43836000000000003 0.21711 1
 -0.21947 -0.016813000000000002 1
 -0.13882 -0.27266000000000001 1
 0.18376000000000001 0.93347999999999998 0
 0.22408 0.77997000000000005 0
 0.29896 0.61914999999999998 0
 0.50634000000000001 0.75804000000000005 0
 0.61577999999999999 0.7288 0
 0.60426000000000002 0.59721999999999997 0
 0.76554999999999995 0.50219000000000003 0
 0.92684 0.36330000000000001 0
 0.82316 0.27557999999999999 0
 0.96140999999999999 0.085526000000000005 0
 0.93835999999999997 0.012427000000000001 0
 0.86348000000000003 -0.082601999999999995 0
 0.89803999999999995 -0.20687 0
 0.85196000000000005 -0.36769000000000002 0
 0.82891999999999999 -0.5212 0
 0.79435 -0.55774999999999997 0
 0.59274000000000004 -0.74050000000000005 0
 0.51785999999999999 -0.59430000000000005 0
 0.46600999999999998 -0.41886000000000001 0
 0.35081000000000001 -0.57967999999999997 0
 0.28743999999999997 -0.76973999999999998 0
 0.085829000000000003 -0.75512000000000001 0
 0.14918999999999999 -0.57967999999999997 0
 -0.13306000000000001 -0.4481 0
 -0.40955999999999998 -0.41155000000000003 0
 -0.39228000000000002 -0.25803999999999999 0
 -0.74365999999999999 -0.25803999999999999 0
 -0.69757999999999998 0.041667000000000003 0
 -0.75517999999999996 0.29020000000000001 0
 -0.69757999999999998 0.68493999999999999 0
 -0.40379999999999999 0.70687 0
 -0.38075999999999999 0.91886000000000001 0
 -0.50749 0.90424000000000004 0
 -0.54781000000000002 0.70687 0
 0.10310999999999999 0.77997000000000005 0
 0.057028000000000002 0.91886000000000001 0
 -0.10426000000000001 0.99195999999999995 0
 -0.081221000000000002 1.1089 0
 0.28743999999999997 1.087 0
 0.39689000000000002 0.82382999999999995 0
 0.63882000000000005 0.88961999999999997 0
 0.82316 0.66300999999999999 0
 0.67339000000000004 0.64107999999999998 0
 1.0709 0.10015 0
 -0.046658999999999999 -0.57967999999999997 0
 -0.23674999999999999 -0.63815999999999995 0
 -0.15035000000000001 -0.36769000000000002 0
 -0.49020999999999998 -0.3019 0
 -0.46716999999999997 -0.13377 0
 -0.28859000000000001 -0.060672999999999998 0
 -0.61117999999999995 -0.067982000000000001 0
 -0.66302000000000005 -0.21418000000000001 0
 -0.59965000000000002 -0.41886000000000001 0
 -0.72638000000000003 -0.082601999999999995 0
 -0.83006999999999997 0.31213000000000002 0
 -0.72062000000000004 0.53874 0
 -0.59389000000000003 0.49487999999999999 0
 -0.48444999999999999 0.99926999999999999 0
 -0.0063363999999999998 0.99926999999999999 0
 0.63265000000000005 -0.030612 0


# name: exit_flag
# type: scalar
3


# name: grad
# type: matrix
# rows: 28
# columns: 1
 0.34604507367924531
 0.16135191928091164
 0.19479575561199705
 0.22686278222504955
 0.092185675103291786
 0.24438557671392469
 0.14339212297625076
 0.10844171499231454
 0.10231439440024802
 0.18346845747017312
 0.17353003361452846
 0.087255518440020399
 0.11822775644903755
 0.085843304670526865
 0.1999489451770686
 0.13522652717501205
 0.094975274044285185
 0.093564414891624537
 0.099797841293473313
 0.09140157368661167
 0.17485241676626734
 0.14955441769687283
 0.086785655354478505
 0.098976857803448046
 0.085319510458065767
 0.10190666278499551
 0.084501978610921846
 0.18228322617815776


# name: initial_theta
# type: matrix
# rows: 28
# columns: 1
 0
 0
 0
 0
 0
 0
 0
 0
 0
 0
 0
 0
 0
 0
 0
 0
 0
 0
 0
 0
 0
 0
 0
 0
 0
 0
 0
 0


# name: lambda
# type: scalar
1


# name: options
# type: scalar struct
# ndims: 2
 1 1
# length: 2
# name: GradObj
# type: sq_string
# elements: 1
# length: 2
on


# name: MaxIter
# type: scalar
400




# name: p
# type: matrix
# rows: 118
# columns: 1
 1
 1
 1
 1
 1
 1
 1
 1
 1
 1
 1
 1
 1
 0
 1
 1
 1
 1
 1
 1
 1
 1
 0
 1
 1
 1
 1
 0
 1
 1
 0
 1
 1
 1
 1
 1
 1
 1
 1
 1
 1
 1
 1
 1
 1
 1
 0
 1
 1
 1
 1
 1
 1
 1
 1
 1
 1
 1
 0
 1
 1
 0
 0
 0
 0
 0
 0
 0
 0
 0
 0
 0
 0
 0
 0
 0
 1
 1
 0
 0
 1
 1
 0
 1
 0
 0
 0
 0
 1
 0
 0
 1
 1
 0
 0
 0
 0
 0
 0
 0
 0
 0
 0
 0
 1
 0
 1
 1
 0
 0
 0
 0
 0
 0
 1
 0
 0
 1


# name: test_theta
# type: matrix
# rows: 28
# columns: 1
 1
 1
 1
 1
 1
 1
 1
 1
 1
 1
 1
 1
 1
 1
 1
 1
 1
 1
 1
 1
 1
 1
 1
 1
 1
 1
 1
 1


# name: theta
# type: matrix
# rows: 28
# columns: 1
 1.273004911020303
 0.62487576899356345
 1.1773757642693337
 -2.0201415682619386
 -0.9126164344478549
 -1.4299067067032112
 0.12566775856950413
 -0.36855073375826064
 -0.36003321175298247
 -0.17106837862251392
 -1.4608936377487558
 -0.052498847748256361
 -0.61888932773424465
 -0.27374537204398564
 -1.1923012201334888
 -0.24099338214595395
 -0.20793383124234385
 -0.047224056303330347
 -0.27832655481533169
 -0.296602253136312
 -0.45395703400295384
 -1.0455110917627841
 0.026463305438803382
 -0.29432983344492974
 0.014380687325383302
 -0.32870306318477482
 -0.14379631165033965
 -0.92488346128340393


# name: y
# type: matrix
# rows: 118
# columns: 1
 1
 1
 1
 1
 1
 1
 1
 1
 1
 1
 1
 1
 1
 1
 1
 1
 1
 1
 1
 1
 1
 1
 1
 1
 1
 1
 1
 1
 1
 1
 1
 1
 1
 1
 1
 1
 1
 1
 1
 1
 1
 1
 1
 1
 1
 1
 1
 1
 1
 1
 1
 1
 1
 1
 1
 1
 1
 1
 0
 0
 0
 0
 0
 0
 0
 0
 0
 0
 0
 0
 0
 0
 0
 0
 0
 0
 0
 0
 0
 0
 0
 0
 0
 0
 0
 0
 0
 0
 0
 0
 0
 0
 0
 0
 0
 0
 0
 0
 0
 0
 0
 0
 0
 0
 0
 0
 0
 0
 0
 0
 0
 0
 0
 0
 0
 0
 0
 0


